676
735
98
843
153
735
401
933
662
101
864
661
278
316
532
87
617
70
229
238
64
928
661
277
360
219
36
852
985
507
939
867
648
630
711
753
672
863
475
958
264
529
19
367
593
922
8
550
366
558
236
168
883
297
619
506
688
598
703
204
785
629
203
627
921
193
588
586
759
156
427
331
2
181
961
64
99
293
924
533
433
615
361
830
513
819
731
583
9
414
134
289
566
323
26
192
131
992
827
745
168
960
305
990
587
92
381
450
341
461
55
920
84
834
14
342
814
372
616
466
674
379
43
891
157
688
835
166
109
956
154
181
999
819
334
300
14
455
640
431
139
68
758
427
533
998
269
699
845
484
14
371
282
848
66
387
763
270
834
349
813
953
825
324
198
26
478
258
621
502
66
349
119
596
558
570
27
222
772
783
929
980
598
137
271
54
572
912
196
318
528
589
381
15
614
833
301
408
662
84
916
851
230
970
697
861
759
298
11
531
645
759
24
483
990
816
302
595
874
58
217
626
445
652
169
743
467
112
642
483
320
133
820
63
540
844
617
208
900
618
426
604
901
281
986
612
830
476
583
97
546
852
785
425
4
241
321
551
453
393
791
565
694
640
20
812
842
175
126
846
281
383
58
586
563
646
344
300
207
399
716
483
550
24
669
213
916
716
297
164
258
307
578
405
783
922
553
607
673
729
931
891
773
105
223
870
640
694
307
308
631
110
418
622
504
86
702
797
301
696
388
364
417
398
796
701
921
759
128
177
34
18
585
89
196
28
632
916
231
529
616
568
725
259
790
987
246
315
588
826
322
173
803
449
915
982
752
910
920
32
95
883
488
567
772
135
146
730
686
151
659
997
31
716
345
377
474
793
581
305
585
68
559
41
426
185
775
765
34
464
71
413
471
51
51
231
111
878
761
558
206
655
189
650
523
862
113
305
101
250
914
782
497
376
952
145
822
218
491
114
622
190
42
365
720
932
248
990
162
576
20
738
62
777
276
991
770
346
636
176
350
150
317
203
269
82
868
214
181
725
433
696
851
337
637
495
64
867
259
8
626
473
422
645
235
620
19
458
853
506
489
608
374
213
99
485
157
214
481
549
506
375
847
157
647
54
36
983
57
853
33
794
56
480
570
663
748
686
509
234
5
639
379
146
840
187
655
710
385
482
178
60
757
877
876
597
618
785
895
487
302
907
475
138
83
711
91
730
479
676
446
758
273
495
815
196
359
21
246
349
751
563
353
400
708
894
947
922
324
0
224
84
298
172
867
740
622
311
307
25
672
348
139
313
959
310
649
472
937
937
869
529
439
905
935
525
946
381
845
374
504
723
415
231
297
293
582
296
162
277
645
760
865
537
928
361
660
846
499
5
383
945
468
964
958
834
584
110
211
267
946
51
104
177
793
575
605
663
382
761
777
286
862
172
452
452
803
749
564
695
289
498
441
885
482
83
145
772
287
169
562
989
928
680
216
475
627
547
535
269
762
148
347
908
406
92
569
932
979
857
411
60
192
185
802
108
34
473
998
621
107
137
168
948
731
854
968
405
875
930
123
476
721
894
299
935
521
998
618
154
218
692
487
902
831
271
169
231
428
774
127
891
440
65
742
820
6
857
422
397
129
450
31
714
553
417
859
801
890
984
943
385
855
941
985
134
501
754
752
924
791
848
407
32
488
756
125
152
449
249
584
419
27
273
508
609
953
263
826
923
853
813
192
388
820
555
902
946
190
463
370
357
632
703
151
452
62
237
965
598
233
119
172
592
990
510
610
230
544
959
642
370
523
414
551
765
774
98
413
552
719
40
397
374
843
773
743
864
532
827
938
100
538
978
748
721
69
917
825
694
794
419
765
72
114
962
224
853
440
93
439
800
142
271
30
826
549
265
158
466
725
255
168
244
132
587
797
868
890
613
580
188
152
803
82
202
683
637
865
707
670
594
640
658
445
888
600
495
331
955
547
11
66
748
437
460
214
180
45
673
615
260
239
558
479
598
288
690
60
980
997
262
919
174
750
651
896
100
435
20
762
561
703
15
781
287
837
863
687
636
606
421
807
691
878
351
501
538
549
835
896
603
128
591
675
543
297
92
506
693
849
185
844
496
938
51
511
785
957
600
614
209
249
981
211
701
711
999
741
738
850
300
619
519
136
717
146
440
590
99
211
38
453
469
532
92
594
509
830
334
461
119
421
847
226
885
94
661
175
579
994
877
105
904
77
369
818
959
953
52
438
950
15
866
810
198
971
823
844
56
103
659
998
563
264
448
226
551
837
860
782
508
495
290
282
391
933
73
982
35
536
34
614
650
983
462
220
293
62
257
50
547
35
48
876
219
449
109
664
215
565
148
722
594
911
627
431
175
723
296
848
676
284
478
756
63
669
445
587
75
799
509
553
514
840
950
668
324
286
749
643
988
670
623
872
163
706
986
745
172
842
21
791
484
445
553
206
91
200
820
330
887
177
701
332
65
703
676
539
390
596
224
826
186
343
272
182
22
457
108
134
660
502
142
231
887
914
922
73
730
857
780
718
264
548
645
93
438
623
344
487
173
14
43
479
431
836
354
663
341
600
679
826
388
969
438
285
75
132
305
134
541
910
7
877
889
673
54
537
617
640
742
984
509
919
369
674
718
691
387
327
9
160
76
430
105
658
208
668
211
940
471
67
630
993
595
915
590
191
596
141
803
65
953
817
503
758
801
222
900
236
21
180
539
989
68
572
680
912
262
954
523
501
833
905
430
35
949
412
427
600
676
73
810
638
727
928
491
613
240
12
242
428
571
825
420
394
614
479
706
285
241
514
374
986
845
495
958
187
51
561
936
477
186
247
142
682
491
640
500
345
443
321
363
636
692
176
217
433
784
232
801
521
621
505
364
890
131
463
61
433
123
701
480
344
137
1
42
347
901
306
720
4
837
93
827
801
161
228
184
105
393
606
191
951
199
741
457
513
951
499
130
986
352
447
850
349
223
50
246
524
949
107
56
836
203
290
30
788
413
953
430
220
919
469
56
921
761
230
910
443
433
513
204
71
972
915
522
520
333
350
837
424
339
355
221
616
747
326
137
42
315
566
74
600
866
65
33
756
418
663
556
195
391
225
155
733
675
597
743
680
131
188
416
919
384
664
790
205
423
849
166
772
123
2
581
79
387
964
222
178
356
76
826
883
282
781
252
12
745
321
553
507
193
995
519
462
775
732
308
996
480
30
672
633
4
974
687
397
882
297
247
914
429
81
254
186
195
780
861
241
271
549
813
364
457
201
300
335
789
794
939
554
691
565
689
89
333
810
291
343
927
554
967
476
163
36
695
760
935
582
899
130
434
593
132
76
528
775
920
990
975
975
254
380
506
164
677
693
233
200
167
740
150
969
721
517
292
816
422
721
41
368
248
196
389
953
641
139
771
337
273
167
178
208
73
802
423
900
199
235
672
588
562
158
154
72
138
829
891
126
97
524
330
958
477
329
867
653
365
764
134
739
273
394
912
191
226
449
562
860
245
974
933
416
847
627
471
888
540
447
725
763
366
207
267
692
73
402
458
526
318
764
13
484
864
541
990
402
138
917
602
839
422
74
739
591
332
354
653
97
496
618
610
6
710
541
631
177
220
933
395
7
227
561
584
118
881
398
362
562
686
185
792
817
997
604
954
407
503
360
428
712
960
748
59
714
707
571
310
540
927
734
571
609
134
37
289
27
8
332
74
788
241
344
346
386
512
926
169
984
563
426
178
270
453
502
109
653
957
171
817
715
854
192
321
730
580
287
444
Found!